0.0000000   -0.00042772969  -0.00046351798  0.00016986797  0.00047324893  7.0203580e-05  -2.3894872e-05  0.00012392859  
0.00042772969  0.0000000   -0.010559388  0.0051715752  -0.00068218403  0.00029226660  -0.00013743852  0.00011483937  
0.00046351798  0.010559388  0.0000000   -0.0053711054  -0.00054323690  0.00033092530  -0.00053294299  0.00027634582  
-0.00016986797  -0.0051715752  0.0053711054  0.0000000   -0.0028554588  -7.3470005e-05  -0.00036658674  0.00051785329  
-0.00047324893  0.00068218403  0.00054323690  0.0028554588  0.0000000   0.00040570605  -0.00054273514  5.3507734e-05  
-7.0203580e-05  -0.00029226660  -0.00033092530  7.3470005e-05  -0.00040570605  0.0000000   -0.00086354785  -0.0012414001  
2.3894872e-05  0.00013743852  0.00053294299  0.00036658674  0.00054273514  0.00086354785  0.0000000   0.0052083804  
-0.00012392859  -0.00011483937  -0.00027634582  -0.00051785329  -5.3507734e-05  0.0012414001  -0.0052083804  0.0000000   
