0.0000000   0.00078035884  0.00015918474  -2.1857924e-06  0.00013484759  0.00011239114  9.1885565e-05  -2.1635302e-05  
-0.00078035884  0.0000000   -0.00037888418  0.0024609312  -0.00019259930  -0.00046673693  -0.00011041498  6.4477141e-05  
-0.00015918474  0.00037888418  0.0000000   -0.0010994207  -0.00011293488  -0.00037954987  -0.00036687391  -0.00023243480  
2.1857924e-06  -0.0024609312  0.0010994207  0.0000000   0.0042548816  -7.9978429e-05  -0.00034622617  0.00022211155  
-0.00013484759  0.00019259930  0.00011293488  -0.0042548816  0.0000000   0.00045916962  0.00087861195  -7.6219184e-06  
-0.00011239114  0.00046673693  0.00037954987  7.9978429e-05  -0.00045916962  0.0000000   0.011102359  -0.0016536783  
-9.1885565e-05  0.00011041498  0.00036687391  0.00034622617  -0.00087861195  -0.011102359  0.0000000   -0.0019317156  
2.1635302e-05  -6.4477141e-05  0.00023243480  -0.00022211155  7.6219184e-06  0.0016536783  0.0019317156  0.0000000   
