0.0000000   0.00083956221  -0.00019364860  -0.00013341747  0.00034254444  1.0711634e-05  9.2710048e-05  6.1532951e-05  
-0.00083956221  0.0000000   0.0025026891  0.0038531992  0.00020512651  -0.00010602869  -0.00043192086  2.1620531e-05  
0.00019364860  -0.0025026891  0.0000000   0.011222375  0.00019458132  0.00017017724  0.00042915196  0.00028432369  
0.00013341747  -0.0038531992  -0.011222375  0.0000000   0.0030933608  2.1287495e-05  -9.1233128e-05  -0.00010363471  
-0.00034254444  -0.00020512651  -0.00019458132  -0.0030933608  0.0000000   0.00010487586  0.00053320642  -2.5203504e-05  
-1.0711634e-05  0.00010602869  -0.00017017724  -2.1287495e-05  -0.00010487586  0.0000000   -0.00017568606  -0.00052433315  
-9.2710048e-05  0.00043192086  -0.00042915196  9.1233128e-05  -0.00053320642  0.00017568606  0.0000000   -0.0021596176  
-6.1532951e-05  -2.1620531e-05  -0.00028432369  0.00010363471  2.5203504e-05  0.00052433315  0.0021596176  0.0000000   
